2.0188422 1.2621601 1.2385771 1.2886934 1.2468084 0.5329257 -0.0029144 -0.0063922 -0.1081458 -0.1006167 0.5418419 -0.2180964 -0.2279575 -0.1939520 -0.2017504 -0.2263426 -0.1981228 -0.2274533 -0.1566018 -0.1562369 -0.1550594 -0.1576170 -0.1568056 -0.1559780 -0.1572842 -0.1564607 -0.1638000 -0.1550682 -0.1639918 -0.1594269 -0.1579427 -0.1219490 -0.1198907 -0.1131586 -0.1080015 -0.0990696 -0.0838938 -0.1335084 -0.1296634 -0.1313035 -0.1131775 -0.1195706 -0.1142948 -0.1902411 -0.1907796 -0.1079565 -0.1702495 -0.1872212 -0.2123594 -0.2070748 -0.2141839 -0.2100320 -0.2072603 -0.2133022 -0.2126975 -0.2131473
1.2621601 2.0667303 1.2641797 1.2791550 1.3798814 0.5465817 -0.0009924 -0.0032745 -0.1064914 -0.0990549 0.5547851 -0.2201127 -0.2271340 -0.1931877 -0.2009771 -0.2261680 -0.1975130 -0.2273495 -0.1579560 -0.1567701 -0.1566403 -0.1590207 -0.1572538 -0.1572197 -0.1576393 -0.1572091 -0.1642420 -0.1567304 -0.1647719 -0.1593840 -0.1585007 -0.1239095 -0.1219702 -0.1152976 -0.1089905 -0.1007776 -0.0837770 -0.1358599 -0.1320834 -0.1318527 -0.1139391 -0.1201722 -0.1162010 -0.1924605 -0.1916375 -0.1088670 -0.1697484 -0.1883820 -0.2137586 -0.2063722 -0.2142450 -0.2103625 -0.2066633 -0.2132731 -0.2116319 -0.2134520
1.2385771 1.2641797 2.0464215 1.2576561 1.2394509 0.5463172 0.0017762 -0.0014206 -0.1033899 -0.0949019 0.5569379 -0.2181834 -0.2258752 -0.1889833 -0.1972014 -0.2237248 -0.1917933 -0.2255073 -0.1558931 -0.1547822 -0.1537125 -0.1544425 -0.1557252 -0.1542946 -0.1553127 -0.1546496 -0.1627264 -0.1538639 -0.1624541 -0.1575311 -0.1560033 -0.1215453 -0.1200171 -0.1130617 -0.1078309 -0.0984699 -0.0824097 -0.1332907 -0.1304535 -0.1293663 -0.1120403 -0.1192524 -0.1161704 -0.1902550 -0.1906484 -0.1079313 -0.1679074 -0.1868618 -0.2135074 -0.2046916 -0.2122513 -0.2084194 -0.2049530 -0.2106975 -0.2097932 -0.2113631
1.2886934 1.2791550 1.2576561 2.0429626 1.2473716 0.5484603 0.0010577 -0.0014096 -0.1043053 -0.0959999 0.5690118 -0.2184547 -0.2251461 -0.1901381 -0.1979431 -0.2234100 -0.1937228 -0.2245554 -0.1553607 -0.1539146 -0.1532109 -0.1551814 -0.1551493 -0.1541105 -0.1555888 -0.1529544 -0.1608049 -0.1522798 -0.1617348 -0.1565355 -0.1561390 -0.1219393 -0.1202549 -0.1132410 -0.1073360 -0.0990636 -0.0827836 -0.1341371 -0.1297377 -0.1308567 -0.1131231 -0.1187026 -0.1145186 -0.1891539 -0.1897235 -0.1068996 -0.1683208 -0.1861447 -0.2120599 -0.2044364 -0.2117970 -0.2078345 -0.2044923 -0.2104323 -0.2105929 -0.2116546
1.2468084 1.3798814 1.2394509 1.2473716 2.0620372 0.5637323 -0.0016103 -0.0041633 -0.1071961 -0.0990063 0.5818018 -0.2198686 -0.2281030 -0.1940582 -0.2013892 -0.2264511 -0.1977047 -0.2268304 -0.1581388 -0.1576305 -0.1567373 -0.1578157 -0.1582707 -0.1568909 -0.1576115 -0.1570014 -0.1644847 -0.1562012 -0.1646329 -0.1599198 -0.1593953 -0.1243636 -0.1228907 -0.1149593 -0.1095199 -0.1012266 -0.0855149 -0.1352126 -0.1321791 -0.1331538 -0.1152350 -0.1202372 -0.1173543 -0.1924538 -0.1927031 -0.1102006 -0.1704736 -0.1895291 -0.2147376 -0.2069536 -0.2146038 -0.2098709 -0.2073799 -0.2135662 -0.2124868 -0.2139212
0.5329257 0.5465817 0.5463172 0.5484603 0.5637323 3.7195787 -0.0158568 -0.0130271 -0.0943102 -0.0726515 3.5350611 -0.2167107 -0.2457558 -0.1886255 -0.1954191 -0.2407760 -0.1938998 -0.2411462 -0.1827336 -0.1902093 -0.1954056 -0.1950892 -0.1953568 -0.1956393 -0.1923614 -0.1944659 -0.1924448 -0.1903161 -0.1959600 -0.1937496 -0.1895579 -0.1835903 -0.1863583 -0.1797813 -0.1719241 -0.1615922 -0.1472126 -0.1984058 -0.1917717 -0.1907804 -0.1753605 -0.1798868 -0.1770612 -0.2230834 -0.2218673 -0.1678047 -0.1953415 -0.2193673 -0.2381836 -0.2282159 -0.2392119 -0.2330180 -0.2316276 -0.2333384 -0.2315392 -0.2336068
-0.0029144 -0.0009924 0.0017762 0.0010577 -0.0016103 -0.0158568 1.0835882 0.1976887 0.0788158 0.0767296 -0.0126195 -0.0861098 -0.0928727 -0.0929141 -0.0919387 -0.0905820 -0.0920947 -0.0925280 0.0388177 0.0483131 0.0506255 0.0406759 0.0392718 0.0452629 0.0480004 0.0458231 0.0488392 0.0463520 0.0474202 0.0508439 0.0498587 -0.0364392 -0.0431949 -0.0351968 -0.0224657 -0.0247215 -0.0163581 -0.0496246 -0.0374582 -0.0446868 -0.0340177 -0.0358331 -0.0249316 -0.0474477 -0.0469122 -0.0314211 -0.0359036 -0.0341679 -0.0654901 -0.0572041 -0.0635587 -0.0585626 -0.0575612 -0.0647950 -0.0659897 -0.0654896
-0.0063922 -0.0032745 -0.0014206 -0.0014096 -0.0041633 -0.0130271 0.1976887 1.0891042 0.0767948 0.0772282 -0.0095123 -0.0837880 -0.0912869 -0.0918088 -0.0918067 -0.0878084 -0.0907549 -0.0921124 0.0402787 0.0477076 0.0534526 0.0434404 0.0438999 0.0453980 0.0495801 0.0458230 0.0465895 0.0501296 0.0477752 0.0535158 0.0498211 -0.0423845 -0.0440830 -0.0375107 -0.0244849 -0.0276414 -0.0182498 -0.0531967 -0.0432222 -0.0447924 -0.0390823 -0.0406135 -0.0274219 -0.0474095 -0.0458969 -0.0370605 -0.0316718 -0.0332343 -0.0660407 -0.0566564 -0.0642368 -0.0595416 -0.0561408 -0.0644201 -0.0621591 -0.0621307
-0.1081458 -0.1064914 -0.1033899 -0.1043053 -0.1071961 -0.0943102 0.0788158 0.0767948 1.0171223 0.3990434 -0.0918908 -0.0498103 -0.0563931 -0.0619966 -0.0614350 -0.0556183 -0.0616326 -0.0584383 0.0670510 0.0799275 0.0805789 0.0723608 0.0694946 0.0731875 0.0795595 0.0744709 0.0820116 0.0767763 0.0816025 0.0813966 0.0788393 -0.0700791 -0.0760512 -0.0688024 -0.0558782 -0.0612089 -0.0490233 -0.0844534 -0.0714504 -0.0755317 -0.0709712 -0.0693943 -0.0514782 -0.0129889 -0.0150895 -0.0664225 -0.0183888 -0.0016804 -0.0279402 -0.0217141 -0.0266714 -0.0226263 -0.0216744 -0.0278500 -0.0305347 -0.0271319
-0.1006167 -0.0990549 -0.0949019 -0.0959999 -0.0990063 -0.0726515 0.0767296 0.0772282 0.3990434 1.0218837 -0.0700007 -0.0533076 -0.0610062 -0.0650728 -0.0644614 -0.0588166 -0.0648738 -0.0616109 0.0640685 0.0779878 0.0778940 0.0694584 0.0675333 0.0712684 0.0761536 0.0711483 0.0790299 0.0736280 0.0795209 0.0791920 0.0771506 -0.0677602 -0.0749679 -0.0664227 -0.0553012 -0.0621844 -0.0506271 -0.0823263 -0.0721512 -0.0749253 -0.0707227 -0.0691707 -0.0513998 -0.0163284 -0.0180639 -0.0659053 -0.0202838 -0.0060297 -0.0303158 -0.0240776 -0.0297707 -0.0259797 -0.0247428 -0.0328720 -0.0332947 -0.0301379
0.5418419 0.5547851 0.5569379 0.5690118 0.5818018 3.5350611 -0.0126195 -0.0095123 -0.0918908 -0.0700007 3.6716962 -0.2209191 -0.2457739 -0.1876912 -0.1949351 -0.2408275 -0.1936094 -0.2410001 -0.1864193 -0.1899746 -0.1946807 -0.1949619 -0.1957190 -0.1952027 -0.1925177 -0.1941806 -0.1926873 -0.1898688 -0.1956582 -0.1934227 -0.1887984 -0.1833927 -0.1862730 -0.1793398 -0.1715055 -0.1615639 -0.1472424 -0.1978540 -0.1918360 -0.1909712 -0.1756012 -0.1795643 -0.1768113 -0.2239345 -0.2222334 -0.1674200 -0.1958342 -0.2200494 -0.2389311 -0.2290206 -0.2401213 -0.2342268 -0.2327435 -0.2347538 -0.2324081 -0.2344073
-0.2180964 -0.2201127 -0.2181834 -0.2184547 -0.2198686 -0.2167107 -0.0861098 -0.0837880 -0.0498103 -0.0533076 -0.2209191 0.9872052 0.3044041 0.2905082 0.2938737 0.3029116 0.2962380 0.3116872 -0.0249353 -0.0294486 -0.0297312 -0.0270061 -0.0246715 -0.0241942 -0.0325039 -0.0314913 -0.0421867 -0.0306188 -0.0403508 -0.0323642 -0.0305783 -0.1722818 -0.1772557 -0.1695149 -0.1624994 -0.1659357 -0.1566114 -0.1838207 -0.1739600 -0.1752704 -0.1747093 -0.1724953 -0.1571131 0.1247832 0.1221996 -0.1701257 0.1718363 0.0987531 0.1575704 0.1524858 0.1637236 0.1587715 0.1502149 0.1704349 0.1747904 0.1740788
-0.2279575 -0.2271340 -0.2258752 -0.2251461 -0.2281030 -0.2457558 -0.0928727 -0.0912869 -0.0563931 -0.0610062 -0.2457739 0.3044041 1.0118678 0.3324171 0.3380307 0.3347054 0.3429255 0.3535899 -0.0340873 -0.0340767 -0.0363188 -0.0321782 -0.0306196 -0.0307827 -0.0370713 -0.0382300 -0.0486379 -0.0360908 -0.0471899 -0.0387457 -0.0352591 -0.1761809 -0.1772549 -0.1710108 -0.1657293 -0.1703014 -0.1632444 -0.1867215 -0.1756934 -0.1786292 -0.1771220 -0.1759713 -0.1629553 0.1253494 0.1258838 -0.1726081 0.1760667 0.1054589 0.1687412 0.1631984 0.1776568 0.1707837 0.1630548 0.1829823 0.1862899 0.1823273
-0.1939520 -0.1931877 -0.1889833 -0.1901381 -0.1940582 -0.1886255 -0.0929141 -0.0918088 -0.0619966 -0.0650728 -0.1876912 0.2905082 0.3324171 1.0098425 0.3186842 0.3123464 0.3262132 0.3272623 -0.0409061 -0.0397780 -0.0411369 -0.0376386 -0.0367955 -0.0361686 -0.0436650 -0.0437791 -0.0572563 -0.0424583 -0.0556416 -0.0426739 -0.0407629 -0.1747587 -0.1773431 -0.1700232 -0.1633058 -0.1668072 -0.1610783 -0.1849633 -0.1740706 -0.1776331 -0.1748039 -0.1750939 -0.1607288 0.1328237 0.1302216 -0.1712981 0.1730297 0.1047546 0.1764533 0.1666736 0.1820788 0.1721706 0.1646582 0.1879370 0.1890188 0.1882354
-0.2017504 -0.2009771 -0.1972014 -0.1979431 -0.2013892 -0.1954191 -0.0919387 -0.0918067 -0.0614350 -0.0644614 -0.1949351 0.2938737 0.3380307 0.3186842 1.0164720 0.3271348 0.3300804 0.3442831 -0.0400716 -0.0395253 -0.0417064 -0.0377394 -0.0362418 -0.0368137 -0.0423728 -0.0422097 -0.0546278 -0.0425233 -0.0535067 -0.0432243 -0.0409038 -0.1773686 -0.1793631 -0.1714437 -0.1668377 -0.1711920 -0.1623246 -0.1857951 -0.1775280 -0.1801640 -0.1778146 -0.1773923 -0.1634865 0.1240780 0.1219478 -0.1759795 0.1737770 0.1019739 0.1688788 0.1606508 0.1739238 0.1667732 0.1605762 0.1812978 0.1857097 0.1830469
-0.2263426 -0.2261680 -0.2237248 -0.2234100 -0.2264511 -0.2407760 -0.0905820 -0.0878084 -0.0556183 -0.0588166 -0.2408275 0.3029116 0.3347054 0.3123464 0.3271348 0.9916585 0.3350507 0.3380913 -0.0336364 -0.0311480 -0.0333222 -0.0308873 -0.0282168 -0.0254760 -0.0331964 -0.0329990 -0.0437865 -0.0332191 -0.0418836 -0.0308859 -0.0313697 -0.1752507 -0.1771481 -0.1702254 -0.1638786 -0.1695988 -0.1628139 -0.1854899 -0.1745357 -0.1774646 -0.1759919 -0.1740909 -0.1616577 0.1277686 0.1266214 -0.1731555 0.1786111 0.1021129 0.1665537 0.1637000 0.1778425 0.1662820 0.1620975 0.1822783 0.1877262 0.1827062
-0.1981228 -0.1975130 -0.1917933 -0.1937228 -0.1977047 -0.1938998 -0.0920947 -0.0907549 -0.0616326 -0.0648738 -0.1936094 0.2962380 0.3429255 0.3262132 0.3300804 0.3350507 1.0163366 0.3364637 -0.0422063 -0.0416950 -0.0429759 -0.0401654 -0.0369328 -0.0380412 -0.0412599 -0.0450422 -0.0568371 -0.0428095 -0.0543558 -0.0444613 -0.0412198 -0.1779404 -0.1794103 -0.1721384 -0.1675449 -0.1703048 -0.1640849 -0.1871580 -0.1775177 -0.1794887 -0.1781353 -0.1759970 -0.1624102 0.1230456 0.1181187 -0.1750709 0.1732637 0.0952819 0.1657335 0.1577915 0.1719564 0.1638382 0.1540889 0.1786591 0.1817012 0.1778335
-0.2274533 -0.2273495 -0.2255073 -0.2245554 -0.2268304 -0.2411462 -0.0925280 -0.0921124 -0.0584383 -0.0616109 -0.2410001 0.3116872 0.3535899 0.3272623 0.3442831 0.3380913 0.3364637 1.0219921 -0.0365356 -0.0341236 -0.0378798 -0.0331848 -0.0319079 -0.0327567 -0.0371624 -0.0404586 -0.0521930 -0.0378403 -0.0489148 -0.0391711 -0.0367189 -0.1766033 -0.1795748 -0.1722200 -0.1663484 -0.1699537 -0.1637440 -0.1870583 -0.1768198 -0.1789684 -0.1791193 -0.1765877 -0.1620720 0.1292631 0.1264694 -0.1747354 0.1784431 0.1039241 0.1728406 0.1641125 0.1793955 0.1723596 0.1648455 0.1825843 0.1919519 0.1871442
-0.1566018 -0.1579560 -0.1558931 -0.1553607 -0.1581388 -0.1827336 0.0388177 0.0402787 0.0670510 0.0640685 -0.1864193 -0.0249353 -0.0340873 -0.0409061 -0.0400716 -0.0336364 -0.0422063 -0.0365356 0.9428194 0.1018604 0.1002317 0.0941373 0.0980906 0.0910566 0.0991479 0.0943833 0.0967838 0.1317203 0.0970879 0.1010784 0.0986358 -0.0642911 -0.0709558 -0.0592415 -0.0531946 -0.0570473 -0.0508857 -0.0761198 -0.0640060 -0.0682000 -0.0676906 -0.0607309 -0.0438527 0.0065244 0.0072484 -0.0628357 -0.0063470 0.0175974 -0.0109669 -0.0049516 -0.0124942 -0.0074161 -0.0071029 -0.0114456 -0.0117917 -0.0144878
-0.1562369 -0.1567701 -0.1547822 -0.1539146 -0.1576305 -0.1902093 0.0483131 0.0477076 0.0799275 0.0779878 -0.1899746 -0.0294486 -0.0340767 -0.0397780 -0.0395253 -0.0311480 -0.0416950 -0.0341236 0.1018604 0.9527038 0.1157742 0.0982186 0.1006185 0.1018684 0.1080591 0.1027881 0.1145432 0.1029582 0.1133425 0.1112082 0.1036484 -0.0654611 -0.0732419 -0.0625321 -0.0531940 -0.0604127 -0.0482332 -0.0793769 -0.0632004 -0.0698328 -0.0674372 -0.0617064 -0.0420150 0.0092318 0.0132968 -0.0645987 -0.0036018 0.0202310 -0.0097170 0.0007587 -0.0052111 -0.0022478 0.0003089 -0.0065760 -0.0061559 -0.0071391
-0.1550594 -0.1566403 -0.1537125 -0.1532109 -0.1567373 -0.1954056 0.0506255 0.0534526 0.0805789 0.0778940 -0.1946807 -0.0297312 -0.0363188 -0.0411369 -0.0417064 -0.0333222 -0.0429759 -0.0378798 0.1002317 0.1157742 0.9545731 0.1097822 0.1032024 0.1063553 0.1052481 0.1174969 0.1088402 0.1035467 0.1119325 0.1219792 0.1072755 -0.0676049 -0.0707905 -0.0631845 -0.0563298 -0.0606230 -0.0529322 -0.0784811 -0.0668080 -0.0717473 -0.0696928 -0.0663819 -0.0485697 0.0101377 0.0091476 -0.0632179 -0.0037954 0.0209798 -0.0102428 -0.0009977 -0.0063050 -0.0016763 -0.0002071 -0.0074369 -0.0078804 -0.0068723
-0.1576170 -0.1590207 -0.1544425 -0.1551814 -0.1578157 -0.1950892 0.0406759 0.0434404 0.0723608 0.0694584 -0.1949619 -0.0270061 -0.0321782 -0.0376386 -0.0377394 -0.0308873 -0.0401654 -0.0331848 0.0941373 0.0982186 0.1097822 0.9397132 0.0981008 0.0961213 0.0992426 0.1026267 0.0955393 0.1055705 0.0958476 0.1062841 0.0977688 -0.0638983 -0.0734342 -0.0589927 -0.0520396 -0.0607226 -0.0489737 -0.0757779 -0.0640982 -0.0703690 -0.0659184 -0.0605110 -0.0460129 0.0064722 0.0128606 -0.0653419 -0.0027011 0.0241288 -0.0089746 0.0018882 -0.0044298 -0.0017511 -0.0005653 -0.0032541 -0.0049731 -0.0044693
-0.1568056 -0.1572538 -0.1557252 -0.1551493 -0.1582707 -0.1953568 0.0392718 0.0438999 0.0694946 0.0675333 -0.1957190 -0.0246715 -0.0306196 -0.0367955 -0.0362418 -0.0282168 -0.0369328 -0.0319079 0.0980906 0.1006185 0.1032024 0.0981008 0.9441451 0.1017395 0.0979804 0.1020465 0.1018848 0.1027686 0.1017221 0.1107812 0.1040613 -0.0654894 -0.0726534 -0.0642428 -0.0528284 -0.0613016 -0.0511380 -0.0782716 -0.0655017 -0.0710091 -0.0685584 -0.0640496 -0.0484527 0.0094880 0.0118995 -0.0654662 -0.0008578 0.0209116 -0.0083834 0.0002984 -0.0079857 -0.0006873 0.0004518 -0.0052725 -0.0044969 -0.0031924
-0.1559780 -0.1572197 -0.1542946 -0.1541105 -0.1568909 -0.1956393 0.0452629 0.0453980 0.0731875 0.0712684 -0.1952027 -0.0241942 -0.0307827 -0.0361686 -0.0368137 -0.0254760 -0.0380412 -0.0327567 0.0910566 0.1018684 0.1063553 0.0961213 0.1017395 0.9420186 0.1034468 0.0991277 0.1038166 0.1014621 0.1050472 0.1079535 0.1035643 -0.0639996 -0.0700115 -0.0634530 -0.0537118 -0.0609479 -0.0508196 -0.0757483 -0.0670051 -0.0690103 -0.0667595 -0.0646677 -0.0467179 0.0113770 0.0133148 -0.0666116 -0.0026240 0.0240757 -0.0070140 0.0023917 -0.0046359 0.0006080 0.0020508 -0.0028284 -0.0052654 -0.0056629
-0.1572842 -0.1576393 -0.1553127 -0.1555888 -0.1576115 -0.1923614 0.0480004 0.0495801 0.0795595 0.0761536 -0.1925177 -0.0325039 -0.0370713 -0.0436650 -0.0423728 -0.0331964 -0.0412599 -0.0371624 0.0991479 0.1080591 0.1052481 0.0992426 0.0979804 0.1034468 0.9482489 0.1017184 0.1020210 0.1069202 0.1079928 0.1121128 0.1085453 -0.0630312 -0.0692828 -0.0583384 -0.0511631 -0.0557657 -0.0487196 -0.0724367 -0.0619376 -0.0667212 -0.0633355 -0.0635968 -0.0422489 0.0068839 0.0070831 -0.0619233 -0.0041950 0.0180841 -0.0151974 -0.0050529 -0.0085593 -0.0048266 -0.0034035 -0.0091568 -0.0085482 -0.0082618
-0.1564607 -0.1572091 -0.1546496 -0.1529544 -0.1570014 -0.1944659 0.0458231 0.0458230 0.0744709 0.0711483 -0.1941806 -0.0314913 -0.0382300 -0.0437791 -0.0422097 -0.0329990 -0.0450422 -0.0404586 0.0943833 0.1027881 0.1174969 0.1026267 0.1020465 0.0991277 0.1017184 0.9477643 0.1104624 0.1038662 0.1049910 0.1071085 0.1047990 -0.0617623 -0.0674522 -0.0583699 -0.0525106 -0.0604466 -0.0492361 -0.0735648 -0.0615555 -0.0685414 -0.0653732 -0.0606052 -0.0470235 0.0087403 0.0098880 -0.0585251 -0.0044097 0.0177691 -0.0129453 -0.0025508 -0.0079854 -0.0047409 -0.0029330 -0.0078602 -0.0084898 -0.0089000
-0.1638000 -0.1642420 -0.1627264 -0.1608049 -0.1644847 -0.1924448 0.0488392 0.0465895 0.0820116 0.0790299 -0.1926873 -0.0421867 -0.0486379 -0.0572563 -0.0546278 -0.0437865 -0.0568371 -0.0521930 0.0967838 0.1145432 0.1088402 0.0955393 0.1018848 0.1038166 0.1020210 0.1104624 0.9655878 0.1113486 0.4251685 0.1098124 0.1118945 -0.0721347 -0.0800628 -0.0677650 -0.0598214 -0.0665492 -0.0552215 -0.0841570 -0.0716534 -0.0756941 -0.0748026 -0.0691182 -0.0495972 -0.0024355 -0.0015248 -0.0723025 -0.0121830 0.0107951 -0.0222529 -0.0111670 -0.0181221 -0.0132645 -0.0130610 -0.0165007 -0.0193455 -0.0183965
-0.1550682 -0.1567304 -0.1538639 -0.1522798 -0.1562012 -0.1903161 0.0463520 0.0501296 0.0767763 0.0736280 -0.1898688 -0.0306188 -0.0360908 -0.0424583 -0.0425233 -0.0332191 -0.0428095 -0.0378403 0.1317203 0.1029582 0.1035467 0.1055705 0.1027686 0.1014621 0.1069202 0.1038662 0.1113486 0.9485356 0.1086104 0.1107391 0.1019084 -0.0664548 -0.0700469 -0.0651282 -0.0531556 -0.0613342 -0.0517820 -0.0783203 -0.0669034 -0.0707181 -0.0703040 -0.0697301 -0.0480548 0.0049782 0.0092954 -0.0655942 -0.0033789 0.0201203 -0.0118165 0.0002119 -0.0076023 -0.0037636 -0.0024261 -0.0072323 -0.0074458 -0.0075068
-0.1639918 -0.1647719 -0.1624541 -0.1617348 -0.1646329 -0.1959600 0.0474202 0.0477752 0.0816025 0.0795209 -0.1956582 -0.0403508 -0.0471899 -0.0556416 -0.0535067 -0.0418836 -0.0543558 -0.0489148 0.0970879 0.1133425 0.1119325 0.0958476 0.1017221 0.1050472 0.1079928 0.1049910 0.4251685 0.1086104 0.9670156 0.1146642 0.1099238 -0.0742161 -0.0778637 -0.0690352 -0.0586027 -0.0664152 -0.0562094 -0.0839162 -0.0710300 -0.0753326 -0.0764591 -0.0720175 -0.0499564 -0.0026509 -0.0022175 -0.0725693 -0.0122132 0.0105673 -0.0218416 -0.0113794 -0.0172092 -0.0134702 -0.0118644 -0.0157088 -0.0191868 -0.0180821
-0.1594269 -0.1593840 -0.1575311 -0.1565355 -0.1599198 -0.1937496 0.0508439 0.0535158 0.0813966 0.0791920 -0.1934227 -0.0323642 -0.0387457 -0.0426739 -0.0432243 -0.0308859 -0.0444613 -0.0391711 0.1010784 0.1112082 0.1219792 0.1062841 0.1107812 0.1079535 0.1121128 0.1071085 0.1098124 0.1107391 0.1146642 0.9528356 0.1143877 -0.0684024 -0.0718279 -0.0616319 -0.0528148 -0.0568391 -0.0506812 -0.0771285 -0.0649778 -0.0704301 -0.0662577 -0.0656892 -0.0438770 0.0078406 0.0087935 -0.0639813 -0.0035916 0.0204151 -0.0103069 -0.0008239 -0.0077057 -0.0026514 -0.0015305 -0.0074101 -0.0055902 -0.0072359
-0.1579427 -0.1585007 -0.1560033 -0.1561390 -0.1593953 -0.1895579 0.0498587 0.0498211 0.0788393 0.0771506 -0.1887984 -0.0305783 -0.0352591 -0.0407629 -0.0409038 -0.0313697 -0.0412198 -0.0367189 0.0986358 0.1036484 0.1072755 0.0977688 0.1040613 0.1035643 0.1085453 0.1047990 0.1118945 0.1019084 0.1099238 0.1143877 0.9520836 -0.0621028 -0.0675068 -0.0582263 -0.0506256 -0.0588736 -0.0462005 -0.0734672 -0.0651632 -0.0654131 -0.0656736 -0.0626651 -0.0419210 0.0089276 0.0102254 -0.0605224 -0.0037497 0.0225762 -0.0086296 0.0005535 -0.0061673 -0.0031290 -0.0008750 -0.0065499 -0.0074116 -0.0068132
-0.1219490 -0.1239095 -0.1215453 -0.1219393 -0.1243636 -0.1835903 -0.0364392 -0.0423845 -0.0700791 -0.0677602 -0.1833927 -0.1722818 -0.1761809 -0.1747587 -0.1773686 -0.1752507 -0.1779404 -0.1766033 -0.0642911 -0.0654611 -0.0676049 -0.0638983 -0.0654894 -0.0639996 -0.0630312 -0.0617623 -0.0721347 -0.0664548 -0.0742161 -0.0684024 -0.0621028 1.1205218 0.2473413 0.2832279 0.2053350 0.2314228 0.2158871 0.4210613 0.3516205 0.2165744 0.3715276 0.3701056 0.2181397 -0.1379855 -0.1376446 0.2294345 -0.1359181 -0.1303890 -0.1584567 -0.1531217 -0.1587156 -0.1542014 -0.1528942 -0.1575801 -0.1566474 -0.1572193
-0.1198907 -0.1219702 -0.1200171 -0.1202549 -0.1228907 -0.1863583 -0.0431949 -0.0440830 -0.0760512 -0.0749679 -0.1862730 -0.1772557 -0.1772549 -0.1773431 -0.1793631 -0.1771481 -0.1794103 -0.1795748 -0.0709558 -0.0732419 -0.0707905 -0.0734342 -0.0726534 -0.0700115 -0.0692828 -0.0674522 -0.0800628 -0.0700469 -0.0778637 -0.0718279 -0.0675068 0.2473413 1.1740102 0.2780305 0.2123967 0.2597071 0.2146454 0.3604394 0.2918167 0.5237007 0.3001623 0.2260127 0.2000718 -0.1433800 -0.1433569 0.3261226 -0.1383546 -0.1289473 -0.1620436 -0.1547022 -0.1613324 -0.1579323 -0.1557077 -0.1619664 -0.1610256 -0.1618180
-0.1131586 -0.1152976 -0.1130617 -0.1132410 -0.1149593 -0.1797813 -0.0351968 -0.0375107 -0.0688024 -0.0664227 -0.1793398 -0.1695149 -0.1710108 -0.1700232 -0.1714437 -0.1702254 -0.1721384 -0.1722200 -0.0592415 -0.0625321 -0.0631845 -0.0589927 -0.0642428 -0.0634530 -0.0583384 -0.0583699 -0.0677650 -0.0651282 -0.0690352 -0.0616319 -0.0582263 0.2832279 0.2780305 1.1070638 0.2104884 0.1835654 0.1680376 0.6020117 0.2523798 0.3380829 0.2009919 0.2528833 0.1909310 -0.1357272 -0.1355978 0.2271775 -0.1293272 -0.1234216 -0.1534023 -0.1474357 -0.1529564 -0.1494948 -0.1467282 -0.1531883 -0.1523490 -0.1540561
-0.1080015 -0.1089905 -0.1078309 -0.1073360 -0.1095199 -0.1719241 -0.0224657 -0.0244849 -0.0558782 -0.0553012 -0.1715055 -0.1624994 -0.1657293 -0.1633058 -0.1668377 -0.1638786 -0.1675449 -0.1663484 -0.0531946 -0.0531940 -0.0563298 -0.0520396 -0.0528284 -0.0537118 -0.0511631 -0.0525106 -0.0598214 -0.0531556 -0.0586027 -0.0528148 -0.0506256 0.2053350 0.2123967 0.2104884 1.2277689 0.2915716 0.2460119 0.1835647 0.2282286 0.2034072 0.2602865 0.2437181 0.2525462 -0.1256637 -0.1261604 0.2708667 -0.1217421 -0.1164727 -0.1481672 -0.1405107 -0.1469337 -0.1435188 -0.1413421 -0.1464849 -0.1462440 -0.1463790
-0.0990696 -0.1007776 -0.0984699 -0.0990636 -0.1012266 -0.1615922 -0.0247215 -0.0276414 -0.0612089 -0.0621844 -0.1615639 -0.1659357 -0.1703014 -0.1668072 -0.1711920 -0.1695988 -0.1703048 -0.1699537 -0.0570473 -0.0604127 -0.0606230 -0.0607226 -0.0613016 -0.0609479 -0.0557657 -0.0604466 -0.0665492 -0.0613342 -0.0664152 -0.0568391 -0.0588736 0.2314228 0.2597071 0.1835654 0.2915716 1.1534277 0.2575023 0.1912647 0.2832995 0.2440819 0.2580716 0.2846612 0.2352803 -0.1322660 -0.1295781 0.2713907 -0.1256763 -0.1226734 -0.1510943 -0.1459248 -0.1503303 -0.1480026 -0.1454116 -0.1515771 -0.1505781 -0.1498643
-0.0838938 -0.0837770 -0.0824097 -0.0827836 -0.0855149 -0.1472126 -0.0163581 -0.0182498 -0.0490233 -0.0506271 -0.1472424 -0.1566114 -0.1632444 -0.1610783 -0.1623246 -0.1628139 -0.1640849 -0.1637440 -0.0508857 -0.0482332 -0.0529322 -0.0489737 -0.0511380 -0.0508196 -0.0487196 -0.0492361 -0.0552215 -0.0517820 -0.0562094 -0.0506812 -0.0462005 0.2158871 0.2146454 0.1680376 0.2460119 0.2575023 1.1870024 0.1980164 0.1675036 0.2144178 0.2151693 0.2280337 0.2582760 -0.1261852 -0.1239333 0.2193217 -0.1182060 -0.1141078 -0.1431407 -0.1377178 -0.1434255 -0.1407050 -0.1354022 -0.1424410 -0.1428066 -0.1425176
-0.1335084 -0.1358599 -0.1332907 -0.1341371 -0.1352126 -0.1984058 -0.0496246 -0.0531967 -0.0844534 -0.0823263 -0.1978540 -0.1838207 -0.1867215 -0.1849633 -0.1857951 -0.1854899 -0.1871580 -0.1870583 -0.0761198 -0.0793769 -0.0784811 -0.0757779 -0.0782716 -0.0757483 -0.0724367 -0.0735648 -0.0841570 -0.0783203 -0.0839162 -0.0771285 -0.0734672 0.4210613 0.3604394 0.6020117 0.1835647 0.1912647 0.1980164 1.0938264 0.4020416 0.4619303 0.2513096 0.2618013 0.2043845 -0.1496657 -0.1487300 0.2567101 -0.1456062 -0.1400955 -0.1689751 -0.1623083 -0.1685874 -0.1643799 -0.1636243 -0.1671053 -0.1671109 -0.1692787
-0.1296634 -0.1320834 -0.1304535 -0.1297377 -0.1321791 -0.1917717 -0.0374582 -0.0432222 -0.0714504 -0.0721512 -0.1918360 -0.1739600 -0.1756934 -0.1740706 -0.1775280 -0.1745357 -0.1775177 -0.1768198 -0.0640060 -0.0632004 -0.0668080 -0.0640982 -0.0655017 -0.0670051 -0.0619376 -0.0615555 -0.0716534 -0.0669034 -0.0710300 -0.0649778 -0.0651632 0.3516205 0.2918167 0.2523798 0.2282286 0.2832995 0.1675036 0.4020416 1.1133752 0.2480946 0.3559496 0.3289696 0.2480513 -0.1365944 -0.1373078 0.2548759 -0.1345561 -0.1279479 -0.1591355 -0.1523738 -0.1586770 -0.1536351 -0.1515493 -0.1561222 -0.1569280 -0.1561932
-0.1313035 -0.1318527 -0.1293663 -0.1308567 -0.1331538 -0.1907804 -0.0446868 -0.0447924 -0.0755317 -0.0749253 -0.1909712 -0.1752704 -0.1786292 -0.1776331 -0.1801640 -0.1774646 -0.1794887 -0.1789684 -0.0682000 -0.0698328 -0.0717473 -0.0703690 -0.0710091 -0.0690103 -0.0667212 -0.0685414 -0.0756941 -0.0707181 -0.0753326 -0.0704301 -0.0654131 0.2165744 0.5237007 0.3380829 0.2034072 0.2440819 0.2144178 0.4619303 0.2480946 1.1560205 0.2255547 0.2455975 0.2174102 -0.1439330 -0.1410084 0.3519567 -0.1375871 -0.1306552 -0.1618173 -0.1544352 -0.1607497 -0.1577633 -0.1557463 -0.1624995 -0.1612539 -0.1617019
-0.1131775 -0.1139391 -0.1120403 -0.1131231 -0.1152350 -0.1753605 -0.0340177 -0.0390823 -0.0709712 -0.0707227 -0.1756012 -0.1747093 -0.1771220 -0.1748039 -0.1778146 -0.1759919 -0.1781353 -0.1791193 -0.0676906 -0.0674372 -0.0696928 -0.0659184 -0.0685584 -0.0667595 -0.0633355 -0.0653732 -0.0748026 -0.0703040 -0.0764591 -0.0662577 -0.0656736 0.3715276 0.3001623 0.2009919 0.2602865 0.2580716 0.2151693 0.2513096 0.3559496 0.2255547 1.2249000 0.3152039 0.2401387 -0.1392512 -0.1400963 0.2572765 -0.1369421 -0.1296099 -0.1591178 -0.1524020 -0.1583646 -0.1557666 -0.1536976 -0.1599293 -0.1583664 -0.1601413
-0.1195706 -0.1201722 -0.1192524 -0.1187026 -0.1202372 -0.1798868 -0.0358331 -0.0406135 -0.0693943 -0.0691707 -0.1795643 -0.1724953 -0.1759713 -0.1750939 -0.1773923 -0.1740909 -0.1759970 -0.1765877 -0.0607309 -0.0617064 -0.0663819 -0.0605110 -0.0640496 -0.0646677 -0.0635968 -0.0606052 -0.0691182 -0.0697301 -0.0720175 -0.0656892 -0.0626651 0.3701056 0.2260127 0.2528833 0.2437181 0.2846612 0.2280337 0.2618013 0.3289696 0.2455975 0.3152039 1.1438578 0.2570619 -0.1379456 -0.1350230 0.2667345 -0.1317834 -0.1272724 -0.1546930 -0.1518936 -0.1550730 -0.1522446 -0.1489607 -0.1553519 -0.1559365 -0.1569205
-0.1142948 -0.1162010 -0.1161704 -0.1145186 -0.1173543 -0.1770612 -0.0249316 -0.0274219 -0.0514782 -0.0513998 -0.1768113 -0.1571131 -0.1629553 -0.1607288 -0.1634865 -0.1616577 -0.1624102 -0.1620720 -0.0438527 -0.0420150 -0.0485697 -0.0460129 -0.0484527 -0.0467179 -0.0422489 -0.0470235 -0.0495972 -0.0480548 -0.0499564 -0.0438770 -0.0419210 0.2181397 0.2000718 0.1909310 0.2525462 0.2352803 0.2582760 0.2043845 0.2480513 0.2174102 0.2401387 0.2570619 1.1438781 -0.1218069 -0.1214065 0.2501820 -0.1199359 -0.1107117 -0.1434459 -0.1350077 -0.1416234 -0.1396574 -0.1367245 -0.1424155 -0.1422809 -0.1434465
-0.1902411 -0.1924605 -0.1902550 -0.1891539 -0.1924538 -0.2230834 -0.0474477 -0.0474095 -0.0129889 -0.0163284 -0.2239345 0.1247832 0.1253494 0.1328237 0.1240780 0.1277686 0.1230456 0.1292631 0.0065244 0.0092318 0.0101377 0.0064722 0.0094880 0.0113770 0.0068839 0.0087403 -0.0024355 0.0049782 -0.0026509 0.0078406 0.0089276 -0.1379855 -0.1433800 -0.1357272 -0.1256637 -0.1322660 -0.1261852 -0.1496657 -0.1365944 -0.1439330 -0.1392512 -0.1379456 -0.1218069 0.9348500 0.2089416 -0.1356455 0.1119817 0.1372932 0.1268561 0.1298573 0.1283564 0.1290021 0.1282710 0.1398625 0.1449441 0.1413257
-0.1907796 -0.1916375 -0.1906484 -0.1897235 -0.1927031 -0.2218673 -0.0469122 -0.0458969 -0.0150895 -0.0180639 -0.2222334 0.1221996 0.1258838 0.1302216 0.1219478 0.1266214 0.1181187 0.1264694 0.0072484 0.0132968 0.0091476 0.0128606 0.0118995 0.0133148 0.0070831 0.0098880 -0.0015248 0.0092954 -0.0022175 0.0087935 0.0102254 -0.1376446 -0.1433569 -0.1355978 -0.1261604 -0.1295781 -0.1239333 -0.1487300 -0.1373078 -0.1410084 -0.1400963 -0.1350230 -0.1214065 0.2089416 0.9287528 -0.1350160 0.1090241 0.1344430 0.1272631 0.1299431 0.1281294 0.1245939 0.1279087 0.1417194 0.1457499 0.1380157
-0.1079565 -0.1088670 -0.1079313 -0.1068996 -0.1102006 -0.1678047 -0.0314211 -0.0370605 -0.0664225 -0.0659053 -0.1674200 -0.1701257 -0.1726081 -0.1712981 -0.1759795 -0.1731555 -0.1750709 -0.1747354 -0.0628357 -0.0645987 -0.0632179 -0.0653419 -0.0654662 -0.0666116 -0.0619233 -0.0585251 -0.0723025 -0.0655942 -0.0725693 -0.0639813 -0.0605224 0.2294345 0.3261226 0.2271775 0.2708667 0.2713907 0.2193217 0.2567101 0.2548759 0.3519567 0.2572765 0.2667345 0.2501820 -0.1356455 -0.1350160 1.1469256 -0.1310775 -0.1239175 -0.1557793 -0.1499722 -0.1562636 -0.1517030 -0.1517827 -0.1560398 -0.1547274 -0.1552713
-0.1702495 -0.1697484 -0.1679074 -0.1683208 -0.1704736 -0.1953415 -0.0359036 -0.0316718 -0.0183888 -0.0202838 -0.1958342 0.1718363 0.1760667 0.1730297 0.1737770 0.1786111 0.1732637 0.1784431 -0.0063470 -0.0036018 -0.0037954 -0.0027011 -0.0008578 -0.0026240 -0.0041950 -0.0044097 -0.0121830 -0.0033789 -0.0122132 -0.0035916 -0.0037497 -0.1359181 -0.1383546 -0.1293272 -0.1217421 -0.1256763 -0.1182060 -0.1456062 -0.1345561 -0.1375871 -0.1369421 -0.1317834 -0.1199359 0.1119817 0.1090241 -0.1310775 0.9313712 0.0862709 0.0944992 0.0987144 0.1007365 0.0981033 0.0981267 0.1114035 0.1123686 0.1100574
-0.1872212 -0.1883820 -0.1868618 -0.1861447 -0.1895291 -0.2193673 -0.0341679 -0.0332343 -0.0016804 -0.0060297 -0.2200494 0.0987531 0.1054589 0.1047546 0.1019739 0.1021129 0.0952819 0.1039241 0.0175974 0.0202310 0.0209798 0.0241288 0.0209116 0.0240757 0.0180841 0.0177691 0.0107951 0.0201203 0.0105673 0.0204151 0.0225762 -0.1303890 -0.1289473 -0.1234216 -0.1164727 -0.1226734 -0.1141078 -0.1400955 -0.1279479 -0.1306552 -0.1296099 -0.1272724 -0.1107117 0.1372932 0.1344430 -0.1239175 0.0862709 0.9376608 0.1260407 0.1232314 0.1167530 0.1214857 0.1207217 0.1139130 0.1194771 0.1172688
-0.2123594 -0.2137586 -0.2135074 -0.2120599 -0.2147376 -0.2381836 -0.0654901 -0.0660407 -0.0279402 -0.0303158 -0.2389311 0.1575704 0.1687412 0.1764533 0.1688788 0.1665537 0.1657335 0.1728406 -0.0109669 -0.0097170 -0.0102428 -0.0089746 -0.0083834 -0.0070140 -0.0151974 -0.0129453 -0.0222529 -0.0118165 -0.0218416 -0.0103069 -0.0086296 -0.1584567 -0.1620436 -0.1534023 -0.1481672 -0.1510943 -0.1431407 -0.1689751 -0.1591355 -0.1618173 -0.1591178 -0.1546930 -0.1434459 0.1268561 0.1272631 -0.1557793 0.0944992 0.1260407 0.9830534 0.2007508 0.2520247 0.2111934 0.2006403 0.1985349 0.1891762 0.1952293
-0.2070748 -0.2063722 -0.2046916 -0.2044364 -0.2069536 -0.2282159 -0.0572041 -0.0566564 -0.0217141 -0.0240776 -0.2290206 0.1524858 0.1631984 0.1666736 0.1606508 0.1637000 0.1577915 0.1641125 -0.0049516 0.0007587 -0.0009977 0.0018882 0.0002984 0.0023917 -0.0050529 -0.0025508 -0.0111670 0.0002119 -0.0113794 -0.0008239 0.0005535 -0.1531217 -0.1547022 -0.1474357 -0.1405107 -0.1459248 -0.1377178 -0.1623083 -0.1523738 -0.1544352 -0.1524020 -0.1518936 -0.1350077 0.1298573 0.1299431 -0.1499722 0.0987144 0.1232314 0.2007508 0.9289817 0.1953238 0.2041619 0.2136964 0.1785879 0.1755321 0.1760943
-0.2141839 -0.2142450 -0.2122513 -0.2117970 -0.2146038 -0.2392119 -0.0635587 -0.0642368 -0.0266714 -0.0297707 -0.2401213 0.1637236 0.1776568 0.1820788 0.1739238 0.1778425 0.1719564 0.1793955 -0.0124942 -0.0052111 -0.0063050 -0.0044298 -0.0079857 -0.0046359 -0.0085593 -0.0079854 -0.0181221 -0.0076023 -0.0172092 -0.0077057 -0.0061673 -0.1587156 -0.1613324 -0.1529564 -0.1469337 -0.1503303 -0.1434255 -0.1685874 -0.1586770 -0.1607497 -0.1583646 -0.1550730 -0.1416234 0.1283564 0.1281294 -0.1562636 0.1007365 0.1167530 0.2520247 0.1953238 0.9589996 0.2087219 0.2015066 0.1993395 0.1916629 0.1990554
-0.2100320 -0.2103625 -0.2084194 -0.2078345 -0.2098709 -0.2330180 -0.0585626 -0.0595416 -0.0226263 -0.0259797 -0.2342268 0.1587715 0.1707837 0.1721706 0.1667732 0.1662820 0.1638382 0.1723596 -0.0074161 -0.0022478 -0.0016763 -0.0017511 -0.0006873 0.0006080 -0.0048266 -0.0047409 -0.0132645 -0.0037636 -0.0134702 -0.0026514 -0.0031290 -0.1542014 -0.1579323 -0.1494948 -0.1435188 -0.1480026 -0.1407050 -0.1643799 -0.1536351 -0.1577633 -0.1557666 -0.1522446 -0.1396574 0.1290021 0.1245939 -0.1517030 0.0981033 0.1214857 0.2111934 0.2041619 0.2087219 0.9352331 0.2001075 0.1862441 0.1863994 0.1871516
-0.2072603 -0.2066633 -0.2049530 -0.2044923 -0.2073799 -0.2316276 -0.0575612 -0.0561408 -0.0216744 -0.0247428 -0.2327435 0.1502149 0.1630548 0.1646582 0.1605762 0.1620975 0.1540889 0.1648455 -0.0071029 0.0003089 -0.0002071 -0.0005653 0.0004518 0.0020508 -0.0034035 -0.0029330 -0.0130610 -0.0024261 -0.0118644 -0.0015305 -0.0008750 -0.1528942 -0.1557077 -0.1467282 -0.1413421 -0.1454116 -0.1354022 -0.1636243 -0.1515493 -0.1557463 -0.1536976 -0.1489607 -0.1367245 0.1282710 0.1279087 -0.1517827 0.0981267 0.1207217 0.2006403 0.2136964 0.2015066 0.2001075 0.9309459 0.1759476 0.1761567 0.1833272
-0.2133022 -0.2132731 -0.2106975 -0.2104323 -0.2135662 -0.2333384 -0.0647950 -0.0644201 -0.0278500 -0.0328720 -0.2347538 0.1704349 0.1829823 0.1879370 0.1812978 0.1822783 0.1786591 0.1825843 -0.0114456 -0.0065760 -0.0074369 -0.0032541 -0.0052725 -0.0028284 -0.0091568 -0.0078602 -0.0165007 -0.0072323 -0.0157088 -0.0074101 -0.0065499 -0.1575801 -0.1619664 -0.1531883 -0.1464849 -0.1515771 -0.1424410 -0.1671053 -0.1561222 -0.1624995 -0.1599293 -0.1553519 -0.1424155 0.1398625 0.1417194 -0.1560398 0.1114035 0.1139130 0.1985349 0.1785879 0.1993395 0.1862441 0.1759476 0.9391149 0.2199649 0.2213078
-0.2126975 -0.2116319 -0.2097932 -0.2105929 -0.2124868 -0.2315392 -0.0659897 -0.0621591 -0.0305347 -0.0332947 -0.2324081 0.1747904 0.1862899 0.1890188 0.1857097 0.1877262 0.1817012 0.1919519 -0.0117917 -0.0061559 -0.0078804 -0.0049731 -0.0044969 -0.0052654 -0.0085482 -0.0084898 -0.0193455 -0.0074458 -0.0191868 -0.0055902 -0.0074116 -0.1566474 -0.1610256 -0.1523490 -0.1462440 -0.1505781 -0.1428066 -0.1671109 -0.1569280 -0.1612539 -0.1583664 -0.1559365 -0.1422809 0.1449441 0.1457499 -0.1547274 0.1123686 0.1194771 0.1891762 0.1755321 0.1916629 0.1863994 0.1761567 0.2199649 0.9353459 0.2200353
-0.2131473 -0.2134520 -0.2113631 -0.2116546 -0.2139212 -0.2336068 -0.0654896 -0.0621307 -0.0271319 -0.0301379 -0.2344073 0.1740788 0.1823273 0.1882354 0.1830469 0.1827062 0.1778335 0.1871442 -0.0144878 -0.0071391 -0.0068723 -0.0044693 -0.0031924 -0.0056629 -0.0082618 -0.0089000 -0.0183965 -0.0075068 -0.0180821 -0.0072359 -0.0068132 -0.1572193 -0.1618180 -0.1540561 -0.1463790 -0.1498643 -0.1425176 -0.1692787 -0.1561932 -0.1617019 -0.1601413 -0.1569205 -0.1434465 0.1413257 0.1380157 -0.1552713 0.1100574 0.1172688 0.1952293 0.1760943 0.1990554 0.1871516 0.1833272 0.2213078 0.2200353 0.9298063
